$ 1 5.0E-6 10.20027730826997 50 5.0 50
150 640 160 736 160 0 2 0.0
150 208 592 304 592 0 2 5.0
150 832 272 928 272 0 2 5.0
152 368 576 464 576 0 2 5.0
152 544 80 640 80 0 2 5.0
152 736 208 832 208 0 2 5.0
I 272 448 320 448 0 0.5
I 256 368 304 368 0 0.5
I 192 176 240 176 0 0.5
150 304 48 400 48 0 2 5.0
150 400 96 496 96 0 2 5.0
150 544 480 640 480 0 2 0.0
150 544 560 640 560 0 2 5.0
150 672 528 768 528 0 2 0.0
w 640 480 640 512 0
w 640 512 672 512 0
w 640 560 640 544 0
w 640 544 672 544 0
w 400 48 400 80 0
w 400 112 304 112 0
w 544 352 448 352 0
w 544 288 544 320 0
150 544 336 640 336 0 2 0.0
150 448 288 544 288 0 2 0.0
w 48 224 128 224 0
w 48 256 128 256 0
w 64 352 160 352 0
w 64 384 160 384 0
w 64 416 160 416 0
w 192 224 144 224 0
w 192 176 192 224 0
w 144 224 128 224 0
w 240 176 640 176 0
w 640 80 640 144 0
w 496 96 544 96 0
w 544 64 448 64 0
w 448 64 448 96 0
w 160 352 160 96 0
w 448 96 160 96 0
w 736 160 736 192 0
w 832 208 832 256 0
w 736 224 192 224 0
w 832 288 704 288 0
w 128 256 704 256 0
w 704 256 704 288 0
w 448 272 128 272 0
w 128 272 128 256 0
w 448 304 416 304 0
w 416 304 416 208 0
w 416 208 240 208 0
w 240 208 240 176 0
w 448 352 160 352 0
w 640 336 832 336 0
w 928 272 960 272 0
w 256 368 160 368 0
w 160 368 160 352 0
w 304 112 304 288 0
w 304 288 304 336 0
w 304 336 208 336 0
w 208 336 208 384 0
w 208 384 176 384 0
w 176 384 160 384 0
w 160 416 272 416 0
w 272 416 272 448 0
w 320 448 320 80 0
w 320 80 304 80 0
w 304 80 304 64 0
w 304 368 336 368 0
w 336 368 336 144 0
w 336 144 272 144 0
w 272 144 272 32 0
w 272 32 304 32 0
w 208 576 208 464 0
w 208 464 160 464 0
w 160 464 128 464 0
w 128 464 128 400 0
w 128 400 160 400 0
w 160 400 160 384 0
w 320 448 320 512 0
w 320 512 192 512 0
w 192 512 192 608 0
w 192 608 208 608 0
w 304 592 368 592 0
w 368 560 272 560 0
w 272 560 272 448 0
w 464 576 544 576 0
w 336 368 336 528 0
w 544 544 336 544 0
w 336 544 336 528 0
w 640 176 640 320 0
w 640 320 656 320 0
w 656 320 656 416 0
w 656 416 528 416 0
w 528 416 528 496 0
w 528 496 544 496 0
w 544 464 416 464 0
w 416 464 416 320 0
w 416 320 432 320 0
w 432 320 432 288 0
w 432 288 448 288 0
w 448 288 448 272 0
w 768 528 848 528 0
M 960 272 976 272 0 2.5
M 832 336 864 336 0 2.5
M 848 528 880 528 0 2.5
L 48 224 16 224 0 1 false 5.0 0.0
L 48 256 16 256 0 1 false 5.0 0.0
L 64 352 16 352 0 0 false 5.0 0.0
L 64 384 16 384 0 1 false 5.0 0.0
L 64 416 16 416 0 0 false 5.0 0.0
x 39 336 101 342 0 24 TRAP
x 45 378 82 384 0 24 INT
x 53 411 104 417 0 24 DMA

